global Mass
%-----------------
Mass.Ixx = [194586.0, 202168.0, 270535.0, 329988.0];
Mass.Iyy = [778867.0, 925000.0, 900000.0, 900000.0];
Mass.Izz = [919343.0, 1.087676E+006, 1.087797E+006, 1.181099E+006];
Mass.Ixz = [47144.0, 49246.0, 51063.0, 51842.0];
Mass.Iweight=[20000.0, 27750.0, 31850.0, 36150.0];
