global Aero
global PEG_CLwbnp PEG_CLht PEG_CMwbnp PEG_CMht PEG_CDwbnp PEG_CYrud PEG_CYbeta PEG_CRail
global PEG_CRrud PEG_CRp PEG_CRbeta PEG_CNr PEG_CNrud PEG_CNbeta PEG_CLht_elev

Aero.a1_deg = 0.15;
Aero.a2_deg = 0.1;

% Lift
                    
Aero.Lift.Alpha = [-10,-8,-6,-4,-2,0 2,4,6,8,10,12,14,16,18,20,22,24,26,28,30];
Aero.Lift.Flap = [0 10,20,35];
Aero.Lift.Mach = [0 0.3 0.6 0.75 0.78 0.8 0.82 0.83];

Aero.Lift.CLs(:,:,1) = [...
 -0.5797 -0.3514 -0.2199 -0.1757; -0.3937 -0.1991 -0.0292  0.1720; -0.2091 -0.0373  0.198   0.5411;
 -0.0241  0.1768  0.5007  0.8892;  0.1616  0.4103  0.7457  1.1423;  0.3449  0.623   0.9744  1.3464;
  0.5263  0.8243  1.1801  1.5257;  0.7076  1.023   1.3799  1.7024;  0.8852  1.2195  1.5739  1.8875;
  1.0572  1.4114  1.7621  2.0725;  1.2224  1.6037  1.9489  2.2621;  1.3768  1.7907  2.1247  2.4329;
  1.5057  1.9652  2.291   2.6001;  1.3465  2.1296  2.4521  2.7370;  1.0668  2.2621  2.5845  2.8206;
  1.0888  2.3521  2.6746  2.8917;  1.1333  2.4395  2.762   2.9521;  1.1723  2.4268  2.7493  2.3427;
  1.1492  1.4094  1.7319  2.2192;  1.1262  0.392   0.7144  2.0957;  1.1031 -0.6255  -0.303  1.9723];
Aero.Lift.CLs(:,:,2) = [...
 -0.5797 -0.3514 -0.2199 -0.1757; -0.3937 -0.1991 -0.0292  0.1720; -0.2091 -0.0373  0.198   0.5411;
 -0.0241  0.1768  0.5007  0.8892;  0.1616  0.4103  0.7457  1.1423;  0.3449  0.623   0.9744  1.3464;
  0.5263  0.8243  1.1801  1.5257;  0.7076  1.023   1.3799  1.7024;  0.8852  1.2195  1.5739  1.8875;
  1.0572  1.4114  1.7621  2.0725;  1.2224  1.6037  1.9489  2.2621;  1.3768  1.7907  2.1247  2.4329;
  1.5057  1.9652  2.291   2.6001;  1.3465  2.1296  2.4521  2.7370;  1.0668  2.2621  2.5845  2.8206;
  1.0888  2.3521  2.6746  2.8917;  1.1333  2.4395  2.762   2.9521;  1.1723  2.4268  2.7493  2.3427;
  1.1492  1.4094  1.7319  2.2192;  1.1262  0.392   0.7144  2.0957;  1.1031 -0.6255  -0.303  1.9723];
Aero.Lift.CLs(:,:,3) = [...
 -0.6793 -0.6793 -0.6793 -0.6793; -0.4627 -0.4627 -0.4627 -0.4627; -0.2461 -0.2461 -0.2461 -0.2461;
 -0.0294 -0.0294 -0.0294 -0.0294;  0.1872  0.1872  0.1872  0.1872;  0.4038  0.4039  0.4039  0.4039;
  0.5888  0.5888  0.5888  0.5888;  0.7709  0.7709  0.7709  0.7709;  0.9085  0.9762  0.9762  0.9762;
  0.9278  1.1733  1.1733  1.1733;  0.9358  1.3704  1.3704  1.3704;  0.9465  1.5675  1.5675  1.5675;
  0.9611  1.7646  1.7646  1.7646;  0.9795  1.9617  1.9617  1.9617;  1.0019  2.1588  2.1588  2.1588;
  1.0282  2.3559  2.3559  2.3559;  1.0585  2.553   2.553   2.5530;  1.0928  2.7501  2.7501  2.7501;
  1.1311  2.9472  2.9472  2.9472;  1.1735  3.1443  3.1443  3.1443;  1.22    3.3414  3.3414  3.3414];
Aero.Lift.CLs(:,:,4) = [...
 -0.7409 -0.7409 -0.7409 -0.7409; -0.5042 -0.5042 -0.5042 -0.5042; -0.2675 -0.2675 -0.2675 -0.2675;
 -0.0308 -0.0308 -0.0308 -0.0308;  0.2059  0.2059  0.2059  0.2059;  0.4425  0.4425  0.4425  0.4425;
  0.6898  0.6898  0.6898  0.6898;  0.9144  0.9144  0.9144  0.9144;  0.9534  0.9534  0.9534  0.9534;
  0.9716  0.9716  0.9716  0.9716;  0.99    0.99    0.99    0.9900;  1.0063  1.0063  1.0063  1.0063;
  1.0214  1.0214  1.0214  1.0214;  1.0364  1.0364  1.0364  1.0364;  1.0521  1.0521  1.0521  1.0521;
  1.0697  1.0697  1.0697  1.0697;  1.0901  1.0901  1.0901  1.0901;  1.1143  1.1143  1.1143  1.1143;
  1.1434  1.1434  1.1434  1.1434;  1.1783  1.1783  0.1783  1.1783;  1.22    1.22    1.22    1.22];
Aero.Lift.CLs(:,:,5) = [...
 -0.7982 -0.7982 -0.7982 -0.7982; -0.5449 -0.5449 -0.5449 -0.5449; -0.2917 -0.2917 -0.2917 -0.2917;
 -0.0385 -0.0385 -0.0385 -0.0385;  0.2147  0.2147  0.2147  0.2147;  0.4679  0.4679  0.4679  0.4679;
   0.735   0.735   0.735   0.735;  0.8967  0.8967  0.8967  0.8967;  0.9473  0.9473  0.9473  0.9473;
  0.9839  0.9839  0.9839  0.9839;  1.0128  1.0128  1.0128  1.0128;  1.0352  1.0353  1.0353  1.0353;
  1.0529  1.0529  1.0529  1.0529;  1.0674  1.0674  1.0674  1.0674;  1.0804  1.0805  1.0805  1.0805;
  1.0936  1.0936  1.0936  1.0936;  1.1087  1.1087  1.1087  1.1087;  1.1272  1.1272  1.1272  1.1272;
  1.1508  1.1508  1.1508  1.1508;  1.1812  1.1812  1.1812  1.1812;  1.22    1.22    1.22    1.22];
Aero.Lift.CLs(:,:,6) = [...
 -0.8053 -0.8053 -0.8053 -0.8053; -0.5477 -0.5477 -0.5477 -0.5477; -0.2901 -0.2901 -0.2901 -0.2901;
 -0.0324 -0.0324 -0.0324 -0.0324;  0.2252  0.2252  0.2252  0.2252;  0.4828  0.4828  0.4828  0.4828;
  0.7501  0.7501  0.7501  0.7501;  0.8846  0.8846  0.8846  0.8846;  0.9443  0.9443  0.9443  0.9443;
  0.9952  0.9952  0.9952  0.9952;  1.0336  1.0337  1.0337  1.0337;  1.0617  1.0617  1.0617  1.0617;
  1.0817  1.0817  1.0817  1.0817;  1.0958  1.0958  1.0958  1.0958;  1.1064  1.1064  1.1064  1.1064;
  1.1155  1.1156  1.1156  1.1156;  1.1256  1.1256  1.1256  1.1256;  1.1389  1.1389  1.1389  1.1389;
  1.1575  1.1575  1.1575  1.1575;  1.1838  1.1838  1.1838  1.1838;  1.22    1.22    1.22    1.22];
Aero.Lift.CLs(:,:,7) = [...
 -0.8577 -0.8577 -0.8577 -0.8577; -0.5847 -0.5847 -0.5847 -0.5847; -0.3117 -0.3117 -0.3117 -0.3117;
 -0.0386 -0.0386 -0.0386 -0.0386;  0.2344  0.2344  0.2344  0.2344;  0.5074  0.5074  0.5074  0.5074;
   0.738   0.738   0.738   0.738;  0.8638  0.8638  0.8638  0.8638;  0.9287  0.9287  0.9287  0.9287;
  0.9759  0.9759  0.9759  0.9759;  1.0123  1.0123  1.0123  1.0123;  1.04    1.04    1.04    1.04;
  1.0608  1.0608  1.0608  1.0608;  1.0768  1.0768  1.0768  1.0768;  1.09    1.09    1.09    1.09;
  1.1022  1.1023  1.1023  1.1023;  1.1157  1.1157  1.1157  1.1157;  1.1322  1.1322  1.1322  1.1322;
  1.1537  1.1537  1.1537  1.1537;  1.1823  1.1824  1.1824  1.1824;  1.22    1.22    1.22    1.22];
Aero.Lift.CLs(:,:,8) = [...
 -0.8945 -0.8945 -0.8945 -0.8945; -0.6106 -0.6106 -0.6106 -0.6106; -0.3266 -0.3266 -0.3266 -0.3266;
 -0.0427 -0.0427 -0.0427 -0.0427;  0.2412  0.2412  0.2412  0.2412;  0.5251  0.5251  0.5251  0.5251;
  0.7254  0.7254  0.7254  0.7254;  0.8512  0.8512  0.8512  0.8512;  0.9226  0.9226  0.9226  0.9226;
  0.9785  0.9785  0.9785  0.9785;   1.021   1.021   1.021   1.021;  1.0525  1.0525  1.0525  1.0525;
  1.0751  1.0752  1.0752  1.0752;  1.0914  1.0914  1.0914  1.0914;  1.1035  1.1036  1.1036  1.1036;
  1.1139  1.1139  1.1139  1.1139;  1.1248  1.1248  1.1248  1.1248;  1.1385  1.1385  1.1385  1.1385;
  1.1574  1.1574  1.1574  1.1574;  1.1838  1.1838  1.1838  1.1838;  1.22    1.22    1.22    1.22];
                    
% Drag

Aero.Drag.Alpha= [-10,-8,-6,-4,-2,0 2,4,6,8,10,12,14,16,18,20];
Aero.Drag.Flap = [0 10,35];
Aero.Drag.Mach = [0 0.25 0.6 0.75 0.78 0.8 0.82 0.83];
Aero.Drag.CDs(:,:,1) =[...
0.0395,0.1239,0.1365;0.0303,0.1,   0.1208;0.0222,0.078, 0.1080;0.0181,0.0613,0.1097;
0.0179,0.0521,0.1209;0.0217,0.0499,0.1362;0.0287,0.0592,0.1554;0.0385,0.0737,0.1786;
0.0514,0.0918,0.2064;0.068, 0.1139,0.2367;0.0877,0.1396,0.2727;0.1107,0.1694,0.3091;
0.1369,0.202, 0.3485;0.2161,0.2375,0.3854;0.3226,0.2764,0.4177;0.3813,0.3111,0.4503];
Aero.Drag.CDs(:,:,2) = [...
0.0395,0.1239,0.1365;0.0303,0.1,   0.1208;0.0222,0.078, 0.1080;0.0181,0.0613,0.1097;
0.0179,0.0521,0.1209;0.0217,0.0499,0.1362;0.0287,0.0592,0.1554;0.0385,0.0737,0.1786;
0.0514,0.0918,0.2064; 0.068,0.1139,0.2367;0.0877,0.1396,0.2727;0.1107,0.1694,0.3091;
0.1369,0.202, 0.3485;0.2161,0.2375,0.3854;0.3226,0.2764,0.4177;0.3813,0.3111,0.4503];
Aero.Drag.CDs(:,:,3) = [...
0.048, 0.048, 0.0480;0.0341,0.0341,0.0341;0.027, 0.027, 0.0270;0.0208,0.0208,0.0208;
0.0209,0.0209,0.0209;0.0253,0.0253,0.0253;0.0337,0.0337,0.0337;0.047, 0.047, 0.0470;
0.0802,0.0802,0.0802;0.1274,0.1274,0.1274;0.1811,0.1811,0.1811;0.2317,0.2317,0.2317;
0.2832,0.2832,0.2832;0.3348,0.3348,0.3348;0.3863,0.3863,0.3863;0.4379,0.4379,0.4379];
Aero.Drag.CDs(:,:,4) = [...
0.095, 0.095, 0.0950;0.0513,0.0513,0.0513;0.0308,0.0308,0.0308;0.0224,0.0224,0.0224;
0.0212,0.0212,0.0212;0.0276,0.0276,0.0276;0.042, 0.042, 0.0420;0.0759,0.0759,0.0759;
0.1167,0.1167,0.1167;0.1596,0.1596,0.1596;0.2013,0.2013,0.2013;0.2442,0.2442,0.2442;
0.2867,0.2867,0.2867;0.3291,0.3291,0.3291;0.3716,0.3716,0.3716;0.4141,0.4141,0.4141];
