function init_eng_pioneer
global Eng
% ROTAX
% Eng.Rpm =  [0  2000   4000   4500   5000   5500   6000   6500   7000];    
% Eng.power = [0  5.123 12.368 15.764 19.118 21.382 25.868 27.000 25.323];
Eng.MaxThrottle =0.97; Eng.MinThrottle=0.35;
% Eng.LimRpm = 6500;
% Eng.MaxRpm = 7000;
% Eng.MinRpm = 3500;
% 
% % Propeller data
% 
% Eng.Prop.J =    [0.000  0.001  0.200  0.300  0.400  0.500  0.600  0.700  0.800  0.900];
% Eng.Prop.Cp =  [0.108  0.108  0.109  0.108  0.105  0.100  0.091  0.076  0.058  0.036];
% Eng.Prop.Ct = [0.210  0.205  0.190  0.180  0.160  0.138  0.115  0.089  0.061  0.032];
% Eng.Prop.diam = 1.72; %[m]
% Eng.Prop.reduc = 3.4;
% Eng.Prop.Twist = 20; %[Deg]

% HIRT-2702  Max horsepower 40 hp @ 5500 rpm
% Reduction available in 2.16:1, 2.29:1, 2.59:1, 3.16:1, and 3.65:1 ratios
%
% Eng.Rpm =  [3000   3200   3500   3700   4000    4200    4500    4700    5000    5200    5500    5700    6000];  RPM  
% Eng.power =[17.0   20.0   23.0   26.0   30.0    32.0    34.0    36.0    37.0    39.0    40.0    38.0    35.0];  HP
% Eng.Cons = [2.3     2.6    2.0    2.1    2.3     2.7     3.0     3.5     3.9     4.3     4.5     4.8     4.9]; Gal/Hr

% HIRT F33 Max horsepower 28 hp @ 6000 rpm
% Reduction available 1.8:1, 2.2:1, & 2.5:1 ratios
%
Eng.Rpm =  [3000   3200   3500   3700   4000    4200    4500    4700    5000    5200    5500    5700    6000   6200   6500];  %RPM  
Eng.power =[13.0   14.0   15.0   16.0   17.0    18.0    19.0    20.0    22.5    23.0    23.5    24.0    26.0   24.0   23.0];  %HP
Eng.Cons = [1.3     1.6    1.4    1.7    2.0     2.2     2.4     2.5     2.6     2.7     3.0     3.1     3.3    3.5    3.7]*0.001051503;  %Gal/Hr--->Litre/sec
Eng.LimRpm = 6000;
Eng.MaxRpm = 6500;
Eng.MinRpm = 3000;
Eng.Prop.reduc = 1.8;
Eng.Fuel.mass=50; % [kg]
% Hoffmann propeller HO-02-120-50, diameter is 47', beta is 22 Deg
Eng.Prop.Beta = [20 22 24];
Eng.Prop.J =   [0.000       0.1         0.200       0.300   0.400       0.500       0.600       0.700   0.800       0.900       1.00        1.10];
Eng.Prop.Cp =  [ 0.081013   0.081721   0.080756   0.076991   0.071719   0.065466   0.059262   0.051083   0.039742   0.025776    0.009605  -0.009103]; % 22                 
Eng.Prop.Ct =  [ 0.133326   0.130601   0.124928   0.117141   0.105438   0.091030   0.074923   0.058534   0.040689   0.022223   0.003184   -0.016318]; %22
                 

% Eng.Prop.Cp =  [ 0.070643   0.069875   0.067043   0.062612   0.057976   0.053397   0.046905   0.037318   0.025021   0.010507   -0.006848  -0.025989; % 20
%                  0.081013   0.081721   0.080756   0.076991   0.071719   0.065466   0.059262   0.051083   0.039742   0.025776    0.009605  -0.009103; % 22
%                  0.088831   0.092005   0.093136   0.091819   0.086913   0.080761   0.072810   0.065017   0.055235   0.042284    0.026735   0.009070]'; %24 
%                  
% Eng.Prop.Ct =  [ 0.129013   0.123759   0.116854   0.106091   0.092636   0.077068   0.061061   0.043324   0.024744   0.005879  -0.014288  -0.033496; 
%                  0.133326   0.130601   0.124928   0.117141   0.105438   0.091030   0.074923   0.058534   0.040689   0.022223   0.003184   -0.016318;
%                  0.131204   0.133855   0.131583   0.125491   0.116792   0.104206   0.089155   0.072806   0.056311   0.038545    0.020243   0.001211]';  
             
             
Eng.Prop.diam = 1.2; %[m]
Eng.Prop.Twist = 22; % [Deg] Beta

Eng.Prop.alp=[0:1:18];
Eng.Prop.Mr = [...
 0.60   0.62   0.64   0.66   0.68   0.70   0.72   0.74   0.76   0.78   0.80   0.82   0.84   0.86   0.88   0.90   0.92   0.94   0.96   0.98   1.00]; % mach
Eng.Prop.Kcp = [...
1.030  1.040  1.050  1.060  1.070  1.080  1.090  1.100  1.112  1.124  1.136  1.148  1.163  1.178  1.194  1.211  1.227  1.244  1.265  1.286  1.300; % alpha=0
1.024  1.034  1.044  1.054  1.064  1.074  1.084  1.094  1.108  1.122  1.136  1.150  1.166  1.184  1.202  1.218  1.236  1.254  1.278  1.300  1.328; % alpha=1
1.023  1.033  1.043  1.053  1.063  1.073  1.083  1.093  1.108  1.123  1.139  1.153  1.172  1.190  1.210  1.230  1.250  1.274  1.298  1.323  1.348;
1.028  1.038  1.048  1.058  1.068  1.078  1.088  1.098  1.107  1.123  1.138  1.158  1.178  1.198  1.220  1.242  1.267  1.292  1.318  1.345  1.371; %alpha=3
1.027  1.038  1.049  1.059  1.060  1.071  1.082  1.093  1.109  1.125  1.141  1.162  1.183  1.204  1.228  1.252  1.280  1.308  1.337  1.362  1.387;
1.024  1.035  1.044  1.056  1.067  1.078  1.090  1.106  1.122  1.138  1.154  1.175  1.195  1.220  1.245  1.273  1.301  1.332  1.360  1.388  1.419; %alpha=5
1.027  1.039  1.050  1.061  1.073  1.084  1.096  1.112  1.128  1.144  1.166  1.188  1.211  1.238  1.266  1.297  1.328  1.360  1.391  1.424  1.458;
1.035  1.046  1.057  1.068  1.079  1.090  1.103  1.119  1.134  1.151  1.173  1.195  1.220  1.245  1.278  1.312  1.351  1.387  1.422  1.450  1.490;
1.039  1.050  1.061  1.072  1.083  1.094  1.111  1.127  1.144  1.167  1.190  1.212  1.236  1.260  1.296  1.331  1.370  1.412  1.450  1.506  1.556; %alpha=8
1.041  1.052  1.063  1.074  1.085  1.096  1.112  1.129  1.148  1.170  1.192  1.213  1.236  1.264  1.300  1.342  1.388  1.438  1.488  1.544  1.607;
1.041  1.052  1.063  1.074  1.085  1.096  1.114  1.132  1.150  1.171  1.192  1.213  1.236  1.264  1.300  1.342  1.392  1.442  1.500  1.571  1.670; %alpha=10
1.039  1.050  1.061  1.072  1.083  1.094  1.111  1.127  1.144  1.165  1.186  1.209  1.232  1.253  1.289  1.336  1.378  1.428  1.478  1.539  1.650;
1.036  1.047  1.058  1.068  1.079  1.090  1.101  1.118  1.134  1.150  1.171  1.192  1.215  1.238  1.255  1.291  1.325  1.367  1.399  1.450  1.488;
1.035  1.045  1.055  1.065  1.075  1.085  1.095  1.105  1.120  1.135  1.150  1.170  1.190  1.213  1.235  1.257  1.285  1.313  1.347  1.386  1.422;
1.029  1.039  1.048  1.057  1.066  1.076  1.085  1.094  1.103  1.117  1.132  1.146  1.164  1.182  1.200  1.224  1.248  1.273  1.295  1.323  1.350; %alpha=14
1.023  1.032  1.041  1.050  1.059  1.068  1.077  1.086  1.095  1.106  1.119  1.131  1.144  1.159  1.176  1.194  1.207  1.228  1.252  1.276  1.300;
1.020  1.029  1.038  1.046  1.055  1.064  1.073  1.082  1.091  1.100  1.113  1.125  1.138  1.150  1.165  1.180  1.196  1.215  1.233  1.250  1.275;
1.014  1.023  1.033  1.042  1.051  1.060  1.070  1.079  1.088  1.097  1.109  1.121  1.134  1.146  1.159  1.172  1.186  1.199  1.216  1.232  1.249;
1.013  1.022  1.032  1.041  1.050  1.059  1.069  1.078  1.087  1.096  1.104  1.116  1.128  1.141  1.158  1.171  1.184  1.197  1.214  1.230  1.247]; %alpha=18
