function init_mass_pioneer
global Mass 
Mass.Iweight = [200 300 450]*0.4535924;       % [lb]
Mass.Ixx =    [34.832 34.832 34.832]*1.3558;    % [slug-ft^2]-->kg m^2 
Mass.Iyy =    [67.08 67.08 67.08]*1.3558;   % [slug-ft^2]-->kg m^2 
Mass.Izz =    [82.22 82.22 82.22]*1.3558;   % [slug-ft^2]-->kg m^2 
Mass.Ixz =    [4.902 4.902 4.902]*1.3558;   % [slug-ft^2]-->kg m^2 

