global Eng
% Engine Tables
Eng.Fuel.mass=9000; % [kg]
Eng.MaxThrottle = 1;
Eng.MinThrottle = 0;
Eng.Cons = [0.177    0.270    0.300    0.310    0.330    0.350    0.370    0.400]; % [litre/sec]
Eng.Throttle = [0.135,0.270,0.405,0.541,0.676,0.811,0.946,1];
Eng.Mach     = [0.0,0.2,0.4,0.6,0.7,0.75,0.8,0.85,0.9];
Eng.Alt      = [0,5000,10000,15000,20000,25000,30000,35000,40000,45000]; % [ft]
Eng.GrossThrust(:,:,1) =[...
 1843, 2289, 3380, 5964, 7751, 8739, 9896,11505,13203; 4437, 4921, 5972, 8498,10740,11766,12861,13994,15229;
 6682, 7265, 8402,11039,13077,14077,15301,16518,17603; 8761, 9374,10608,13405,15369,16271,17381,18668,19908;
10713,11326,12704,15675,17582,18469,19603,21046,22347;12281,12995,14493,17497,19609,20643,21737,23240,24729;
13829,14697,16180,19254,21429,22495,23688,25245,26733;14472,15364,16798,19965,22188,23258,24510,26030,27525];
Eng.GrossThrust(:,:,2) =[...
 1647, 2048, 2977, 5067, 6574, 7384, 8335, 9661,11056; 3993, 4435, 5336, 7343, 9234,10117,11090,12000,13029;
 6026, 6507, 7563, 9588,11339,12151,13149,14189,15172; 7915, 8449, 9587,11701,13382,14160,15082,16176,17227;
 9511,10115,11357,13650,15358,16156,17047,18308,19586;10954,11683,12964,15205,17062,17970,18942,20229,21548;
12406,13216,14439,16802,18768,19712,20730,22012,23365;13009,13788,15029,17450,19468,20497,21512,22774,24132];
Eng.GrossThrust(:,:,3) =[...
 1422, 1762, 2587, 4292, 5582, 6222, 6993, 8073, 9200; 3508, 3898, 4717, 6331, 7890, 8625, 9500,10277,11090;
 5290, 5722, 6655, 8302, 9764,10450,11279,12191,13019; 6957, 7428, 8469,10198,11608,12277,13068,14074,14976;
 8297, 8849, 9977,11781,13338,14068,14835,15929,17007; 9575,10263,11380,13191,14823,15614,16453,17592,18677;
10930,11598,12682,14622,16400,17337,18222,19317,20409;11510,12122,13184,15183,16965,18014,18974,20053,21102];
Eng.GrossThrust(:,:,4) =[...
 1243, 1558, 2479, 3929, 5015, 5468, 6062, 6690, 7484; 2986, 3348, 4238, 5639, 6904, 7479, 8171, 8698, 9215;
 4478, 4885, 5824, 7337, 8548, 9079, 9710,10389,11003; 5874, 6295, 7290, 8926,10140,10691,11327,12154,12889;
 6985, 7482, 8533,10169,11519,12176,12868,13767,14624; 8067, 8665, 9677,11410,12872,13593,14336,15268,16185;
 9243, 9789,10766,12645,14178,15081,15916,16930,17841; 9691,10200, 11069,13155,14722,15629,16424,17511,18524];
Eng.GrossThrust(:,:,5) =[...
 1115, 1379, 2357, 3540, 4517, 4851, 5284, 5531, 6069; 2587, 2926, 3833, 5096, 6072, 6512, 7040, 7383, 7642;
 3855, 4217, 5199, 6574, 7546, 7973, 8463, 8919, 9296; 5025, 5384, 6389, 7859, 8930, 9415, 9905,10522,11102;
 5970, 6403, 7446, 8968,10125,10657,11228,11914,12570; 6926, 7399, 8407,10092,11342,12056,12697,13398,14072;
 7924, 8328, 9333,11189,12563,13291,13890,14790,15634; 8165, 8550, 9696,11577,12978,13751,14520,15349,16220];
Eng.GrossThrust(:,:,6) =[...
  970, 1300, 2168, 3141, 3962, 4297, 4657, 4764, 5033; 2246, 2617, 3456, 4518, 5292, 5640, 6065, 6348, 6529;
 3359, 3731, 4630, 5830, 6604, 6947, 7352, 7756, 8050; 4304, 4666, 5596, 6833, 7723, 8146, 8593, 9105, 9563;
 5128, 5574, 6477, 7845, 8837, 9356, 9835,10362,10880; 6019, 6434, 7315, 8851, 9897,10502,10988,11670,12275;
 6689, 7011, 7571, 9734,10879,11513,12146,12873,13555; 6868, 7213, 7761,10074,11288,11933,12565,13274,13992];
Eng.GrossThrust(:,:,7) =[...
  781, 1170, 1910, 2709, 3356, 3654, 3982, 4025, 4165; 1808, 2210, 2952, 3830, 4440, 4711, 5039, 5295, 5451;
 2704, 3125, 3887, 4861, 5500, 5797, 6131, 6495, 6767; 3458, 3882, 4670, 5666, 6389, 6742, 7124, 7573, 7967;
 4120, 4622, 5381, 6491, 7291, 7764, 8205, 8680, 9101; 4842, 5313, 6047, 7284, 8174, 8667, 9122, 9722,10278;
 5367, 5722, 6397, 8011, 8965, 9497,10030,10666,11272; 5486, 5845, 6574, 8261, 9260, 9819,10405,11043,11629];
Eng.GrossThrust(:,:,8) =[...
  680, 1006, 1761, 2451, 2943, 3172, 3457, 3585, 3697; 1574, 1894, 2608, 3407, 3880, 4093, 4386, 4606, 4789;
 2362, 2694, 3331, 4168, 4721, 5000, 5328, 5640, 5946; 2980, 3339, 3963, 4883, 5500, 5835, 6225, 6565, 6919;
 3574, 3972, 4545, 5589, 6261, 6671, 7074, 7515, 7946; 4146, 4436, 5109, 6218, 6963, 7397, 7902, 8364, 8839;
 4344, 4815, 5601, 6769, 7591, 8054, 8598, 9140, 9672; 4361, 4924, 5732, 6937, 7803, 8287, 8841, 9394, 9950];
Eng.GrossThrust(:,:,9) =[...
  523,  778, 1520, 2100, 2475, 2655, 2882, 3034, 3144; 1214, 1462, 2165, 2813, 3195, 3371, 3610, 3834, 4009;
 1821, 2082, 2694, 3368, 3817, 4044, 4311, 4591, 4857; 2301, 2589, 3163, 3899, 4413, 4699, 5034, 5321, 5603;
 2745, 3064, 3595, 4431, 4990, 5321, 5680, 6040, 6391; 3224, 3450, 4022, 4904, 5518, 5877, 6306, 6675, 7052;
 3386, 3782, 4412, 5321, 5995, 6373, 6830, 7268, 7686; 3404, 3819, 4495, 5449, 6151, 6550, 7004, 7465, 7899];
Eng.GrossThrust(:,:,10) =[...
  400,  600, 1195, 1933, 2200, 2306, 2443, 2582, 2684;  928, 1131, 1697, 2414, 2719, 2853, 2989, 3181, 3335;
 1391, 1611, 2111, 2793, 3154, 3324, 3489, 3719, 3928; 1765, 2003, 2477, 3175, 3592, 3835, 4031, 4269, 4484;
 2098, 2365, 2811, 3549, 4016, 4277, 4485, 4777, 5055; 2468, 2703, 3153, 3901, 4396, 4684, 4933, 5240, 5538;
 2704, 2894, 3371, 4192, 4744, 5050, 5330, 5687, 6013; 2728, 2934, 3447, 4284, 4851, 5173, 5467, 5831, 6173];
%Eng.GrossThrust=Eng.GrossThrust*1.2;

Eng.RamDrag(:,:,1) = [...
 0, 1307, 3154, 6216, 8244, 9418,10696,12288,13893; 0, 1888, 4119, 7325, 9609,10835,12109,13469,14892;
 0, 2272, 4859, 8340,10579,11828,13178,14570,15916; 0, 2554, 5421, 9157,11427,12666,13981,15417,16827;
 0, 2795, 5922, 9840,12131,13403,14750,16282,17755; 0, 2971, 6293,10394,12780,14119,15461,17035,18593;
 0, 3147, 6601,10824,13312,14704,16112,17733,19314; 0, 3209, 6714,10992,13519,14926,16365,17998,19593];
Eng.RamDrag(:,:,2) = [...
 0, 1129, 2697, 5218, 6917, 7890, 8950,10264,11596; 0, 1635, 3548, 6212, 8131, 9168,10260,11374,12552;
 0, 1958, 4198, 7090, 8981,10018,11136,12307,13457; 0, 2212, 4690, 7790, 9700,10763,11870,13076,14256;
 0, 2401, 5098, 8383,10328,11409,12523,13829,15127; 0, 2562, 5406, 8812,10869,12006,13153,14495,15824;
 0, 2704, 5673, 9193,11332,12529,13722,15092,16468; 0, 2751, 5767, 9344,11515,12747,13960,15338,16719];
Eng.RamDrag(:,:,3) = [...
 0,  952, 2271, 4356, 5785, 6579, 7449, 8519, 9615; 0, 1392, 3030, 5248, 6832, 7694, 8629, 9563,10520;
 0, 1664, 3573, 5996, 7570, 8436, 9363,10355,11315; 0, 1883, 4009, 6595, 8192, 9080,10011,11066,12073;
 0, 2035, 4331, 7077, 8746, 9668,10596,11699,12790; 0, 2180, 4587, 7435, 9182,10157,11135,12278,13389;
 0, 2290, 4804, 7772, 9597,10645,11667,12833,13976; 0, 2328, 4878, 7908, 9748,10830,11880,13057,14202];
Eng.RamDrag(:,:,4) = [...
 0,  810, 2007, 3752, 4940, 5556, 6257, 7012, 7853; 0, 1167, 2600, 4481, 5781, 6483, 7241, 7960, 8677;
 0, 1387, 3021, 5094, 6404, 7107, 7851, 8642, 9404; 0, 1567, 3368, 5576, 6910, 7649, 8410, 9281,10114;
 0, 1691, 3617, 5939, 7353, 8136, 8924, 9843,10731; 0, 1811, 3825, 6236, 7720, 8556, 9390,10341,11275;
 0, 1900, 3993, 6529, 8066, 8969, 9846,10851,11815; 0, 1924,  4052, 6637, 8207, 9126,10001,11033,12031];
Eng.RamDrag(:,:,5) = [...
 0,  686, 1755, 3205, 4227, 4712, 5255, 5738, 6370; 0,  982, 2224, 3839, 4883, 5450, 6057, 6606, 7125;
 0, 1161, 2565, 4333, 5401, 5989, 6597, 7211, 7786; 0, 1305, 2838, 4723, 5846, 6461, 7073, 7770, 8451;
 0, 1409, 3036, 5001, 6192, 6849, 7508, 8254, 8974; 0, 1501, 3200, 5269, 6512, 7239, 7939, 8720, 9475;
 0, 1569, 3332, 5502, 6817, 7575, 8290, 9148, 9976; 0, 1586, 3372, 5583, 6917, 7690, 8456, 9307,10156];
Eng.RamDrag(:,:,6) = [...
 0,  595, 1508, 2706, 3545, 3980, 4430, 4782, 5205; 0,  831, 1892, 3246, 4089, 4548, 5039, 5492, 5901;
 0,  981, 2178, 3652, 4521, 5000, 5494, 6019, 6498; 0, 1087, 2376, 3941, 4875, 5394, 5911, 6488, 7034;
 0, 1180, 2536, 4180, 5172, 5741, 6292, 6901, 7492; 0, 1250, 2661, 4404, 5448, 6059, 6631, 7304, 7940;
 0, 1288, 2841, 4571, 5673, 6315, 6943, 7648, 8330; 0, 1298, 2848, 4627, 5743, 6394, 7037, 7765, 8463];
