global Target_Lat Target_Lon Target_Alt Target_Speed

Target_Lat = [...
34.0400  34.0600  34.06613   34.1000  34.1753  34.20000  34.2051   34.2000   34.1201   34.1204   34.0500   34.0000;... % 1
34.0403  34.0595  34.06615   34.1006  34.1753  34.20013  34.2051   34.2005   34.1203   34.1202   34.0504   34.0000;... % 2
34.0401  34.0601  34.06612   34.1004  34.1753  34.20022  34.2051   34.2004   34.1202   34.1203   34.0502   34.0000;... % 3
34.0402  34.0600  34.06614   34.1003  34.1753  34.20021  34.2051   34.2003   34.1203   34.1201   34.0503   34.0000;... % 4
34.0404  34.0602  34.06617   34.1001  34.1753  34.20037  34.2051   34.2002   34.1201   34.1203   34.0501   34.0000];   % 5
%   1       2        3          4         5        6          7       8          9         10        11        12
Target_Lon = [...
-117.500 -117.500 -117.5023 -117.5500 -117.5286 -117.5001 -117.4501 -117.4200 -117.4500 -117.5000 -117.5502 -117.5501;...% 1
-117.500 -117.500 -117.5023 -117.5500 -117.5286 -117.5000 -117.4501 -117.4200 -117.4503 -117.5001 -117.5500 -117.5502;...% 2
-117.500 -117.500 -117.5023 -117.5500 -117.5286 -117.5000 -117.4501 -117.4201 -117.4502 -117.5000 -117.5501 -117.5501;...% 3
-117.500 -117.500 -117.5023 -117.5500 -117.5286 -117.5001 -117.4501 -117.4200 -117.4500 -117.5002 -117.5500 -117.5502;...% 4
-117.500 -117.500 -117.5023 -117.5500 -117.5287 -117.5000 -117.4501 -117.4200 -117.4501 -117.5001 -117.5501 -117.5500];  % 5

Target_Alt = [...
3580  3580  6520  6520  6550  5500  6100  6800   5600  4300  4500  4550;...% 1
3600  3600  6550  6500  6480  5500  6200  6750   5650  4100  4500  4480;...% 2
3550  3500  6480  6510  6560  5560  6000  6800   5200  4300  4500  4600;...% 3
3500  3550  6300  6600  6580  5530  6150  6760   5300  4200  4500  4580;...% 4
3600  3620  6600  6560  6500  5510  6250  6850   5400  4100  4500  4610];  % 5

Target_Speed = [...
305 305 310 310 325 325 314 313 324 320 326 325;...% 1
308 306 311 311 326 322 316 313 325 327 325 325;...% 2
305 306 310 310 326 323 315 312 324 324 325 324;...% 3
304 307 311 309 325 321 315 313 325 323 326 326;...% 4
304 308 310 311 324 325 316 314 324 325 327 325];  % 5

