global Target_Lat Target_Lon Target_Alt Target_Speed

Target_Lat = [...
        34.0600 34.1000 34.2000 34.2000 34.1204 34.0500;... % Lat for first UAV
        34.0595 34.1006 34.2005 34.2005 34.1202 34.0504;... % Lat for second UAV
        34.0601 34.1004 34.2506 34.2004 34.1203 34.0502;... % Lat for 3th UAV
        34.0600 34.1003 34.2504 34.2003 34.1201 34.0503;... % Lat for 4th UAV
        34.0602 34.1001 34.2503 34.2002 34.1206 34.0501];   % Lat for 5th UAV

Target_Lon = [...
        -117.500 -117.5500 -117.5000 -117.4200 -117.5000 -117.5502;...
        -117.500 -117.5500 -117.5000 -117.4200 -117.5001 -117.5500;...
        -117.500 -117.1000 -117.0500 -117.4200 -117.5000 -117.5504;...
        -117.500 -117.1000 -117.0500 -117.4200 -117.5003 -117.5500;...
        -117.500 -117.1000 -117.0500 -117.4200 -117.5000 -117.5506];

Target_Alt = [...
        3580  6520  5500  6800  4100 4500;...
        3600  6500  5500  6700  4200 4500;...
        3500  6510  5560  6800  4300 4500;...
        3550  6600  5530  6760  4200 4500;...
        3620  6560  5510  6850  4100 4500];

Target_Speed = [...
        305 310 325 315 320 330;...
        306 309 322 315 325 330;...
        306 310 323 315 324 329;...
        307 309 321 315 325 330;...
        308 311 324 315 320 330];

