global Flight_LatTP Flight_LonTP Flight_AltTP Flight_SpeedTP

Flight_LatTP = [...
        30 30.5 30.5 30.5 30.5;... % Latitude for first UAV
        30.5 31 31 31 31;... % Latitude for second UAV
        31 32 33 34 35;... % Latitude for 3th UAV
        41 42 43 44 45;... % Latitude for 4th UAV
        51 52 53 54 55];   % Latitude for 5th UAV

Flight_LonTP = [...
        150.5 151 151 151 151;...
        150.0 151 151 151 151;...
        131 132 133 134 135;...
        141 142 143 144 145;...
        151 152 153 154 155];

Flight_AltTP = [...
        35000 30000 30000 30000 30000;...
        30000 35000 35000 35000 35000;...
        3100 3200 3300 3400 3500;...
        4100 4200 4300 4400 4500;...
        5100 5200 5300 5400 5500];

Flight_SpeedTP = [...
        470 450 450 450 450;...
        420 470 470 470 470;...
        111 112 113 114 115;...
        121 122 123 124 125;...
        131 132 133 134 135];
